23
-1243.4 8513.28 6327.06
-700.091 7276.43 3296.44
578.154 6504.18 1059.68
552.106 6129.86 -1286.01
-660.7 6808.13 -2618.45
-2554.26 6224.28 -1459.44
-2877.7 5383.26 703.156
-2845.38 5162.99 2440.3
-2414.49 5979.64 3600.67
-896.646 6041.14 4829.26
1542.61 6023.97 5601.15
2742.07 6513 5826.21
4852.66 7464.37 4485.92
6438.2 7753.68 2507.96
6830.96 7489.34 -952.861
5357.32 7723.65 -2090.94
2545.18 7321.97 -2291.77
1322.59 7790.59 -2526.08
-652.724 7790.59 -1856.62
-1255.65 7790.59 -182.984
-854.397 7790.59 2695.68
751.878 7690.17 4051.33
2960.67 8627.41 4419.53