26
-1548.11 7640.17 4000
-1531.59 803.347 3682.01
-619.665 -820.084 2786.61
-603.138 -1238.49 2000
-553.138 -50.2091 803.347
-913.18 719.665 1037.66
-1515.9 803.347 2518.83
-1457.53 -334.728 3389.12
-637.657 602.511 3087.87
-905.648 937.238 1456.07
-930.965 -334.728 1054.39
-1441.64 -769.87 2552.3
-1107.11 577.406 2970.71
-1324.9 1020.92 1740.59
-1132.63 -117.151 878.661
-1166.11 -987.44 2133.89
-1283.26 -543.928 2912.13
-1751.88 535.569 2702.93
-915.06 1037.66 1748.95
-747.696 711.301 1062.76
-1500.83 -836.816 1230.12
-1835.56 -518.824 2585.77
-1751.88 669.46 1933.05
-1141 753.142 1004.18
-1718.62 -2167.37 418.41
-1718.62 -15405.9 384.937
