26
-9146.44 200.837 4000
-2418.62 0 3774.06
-619.665 0 3037.66
150 0 2000
-553.138 -83.6821 803.347
-1867.15 0 1405.86
-1515.9 0 2518.83
-1725.31 384.937 3305.44
-286.193 786.611 2000
-721.548 468.619 1205.02
-1466.53 -334.728 1054.39
-1006.49 -1422.59 2552.3
-521.339 577.406 2887.03
-990.167 970.711 1991.63
-1040.59 451.887 979.08
-839.749 -1355.65 1464.44
-404.602 -527.193 3154.81
-304.184 903.771 2485.36
-571.967 468.623 878.661
122.382 -811.713 1958.16
-513.601 1163.18 1958.16
-1877.62 435.149 1958.16
-1191.42 -1271.97 1958.16
122.386 -518.83 1958.16
1854.6 317.99 1958.16
6808.58 410.04 1958.16
